XGBoost          : 441.04855702651844
Linear Regression: 2754.198131129799
SGD              : 1046.6826543118245
