XGBoost          : 5339.569239729485
Linear Regression: 5306.185173151879
SGD              : 5041.4436946155165
