XGBoost          : 732.4770838431606
Linear Regression: 3784.821709867656
SGD              : 1016.6204446122135
