XGBoost          : 441.04855702651844
Linear Regression: 2754.198131129799
SGD              : 997.5856090542993
